1725933116.0282366276 -9.4968927693 0.7508171938 0.3190601226 -0.0269150263 0.0295425433 -0.6615885781 0.7488012906
1725933116.1280994415 -9.4973017014 0.7549771882 0.3190527539 -0.0270434755 0.0295693865 -0.6615129371 0.7488624279
1725933116.2278976440 -9.4963336788 0.7523868592 0.3197915741 -0.0269578192 0.0295990957 -0.6616859567 0.7487114692
1725933116.3279805183 -9.4948462168 0.7490421010 0.3196913318 -0.0270585953 0.0294764534 -0.6616272281 0.7487645706
1725933116.4279406071 -9.4950528861 0.7484947723 0.3192097570 -0.0268328187 0.0293516740 -0.6616219880 0.7487822274
1725933116.5278494358 -9.4955102623 0.7514844784 0.3193924267 -0.0267566354 0.0293751321 -0.6615824252 0.7488189893
1725933116.6277666092 -9.4959335370 0.7530316123 0.3193689779 -0.0267974884 0.0294127700 -0.6617349969 0.7486812256
1725933116.7276575565 -9.4960999199 0.7530658388 0.3198925570 -0.0267492637 0.0294130822 -0.6617048535 0.7487095794
1725933116.8275544643 -9.4965100916 0.7521736889 0.3195880735 -0.0268439483 0.0293626306 -0.6617032594 0.7487095798
1725933116.9274234772 -9.4962316747 0.7508770762 0.3194983481 -0.0267015357 0.0293454979 -0.6616363384 0.7487744824
1725933117.0272114277 -9.4960257781 0.7506211390 0.3192586593 -0.0268647035 0.0293198121 -0.6616257038 0.7487790491
1725933117.1271924973 -9.4959150139 0.7506979175 0.3198362739 -0.0266754321 0.0293421601 -0.6616934277 0.7487250942
1725933117.2270245552 -9.4961998150 0.7505999390 0.3201981614 -0.0267877119 0.0293989260 -0.6616240668 0.7487801519
1725933117.3268625736 -9.4968640860 0.7501947083 0.3201206933 -0.0267413522 0.0294107291 -0.6615926489 0.7488091052
1725933117.4266924858 -9.4967596337 0.7505157755 0.3197539012 -0.0269025773 0.0294225152 -0.6617063369 0.7487024046
1725933117.5265054703 -9.4960454499 0.7508372793 0.3191338162 -0.0268919558 0.0293266521 -0.6616809660 0.7487289693
1725933117.6263334751 -9.4955608104 0.7516540252 0.3196294996 -0.0267471970 0.0294161838 -0.6616946470 0.7487185518
1725933117.7260904312 -9.4959827101 0.7517811123 0.3199340747 -0.0267595852 0.0293651722 -0.6616530293 0.7487568898
1725933117.8258655071 -9.4965938136 0.7522607899 0.3195228534 -0.0267723301 0.0294264061 -0.6616424970 0.7487633372
1725933117.9255576134 -9.4965411583 0.7521615108 0.3195570777 -0.0267567815 0.0293912199 -0.6616257596 0.7487800646
1725933118.0254235268 -9.4966080473 0.7519321672 0.3192898900 -0.0268961752 0.0293331429 -0.6616672855 0.7487406532
1725933118.1252014637 -9.4966664594 0.7512438406 0.3193900919 -0.0266814093 0.0293420551 -0.6616613834 0.7487532036
1725933118.2250266075 -9.4959907211 0.7510948513 0.3192171450 -0.0267645148 0.0292897574 -0.6617140672 0.7487057260
1725933118.3247935772 -9.4960637352 0.7509433769 0.3192544522 -0.0268863707 0.0293402468 -0.6617037285 0.7487085205
1725933118.4245965481 -9.4960334797 0.7513026733 0.3191727426 -0.0268307687 0.0294259740 -0.6616713902 0.7487357299
1725933118.5243816376 -9.4964705027 0.7514179397 0.3199426349 -0.0267726204 0.0293957241 -0.6616457198 0.7487616841
1725933118.6241874695 -9.4965562050 0.7513914632 0.3202511374 -0.0267931635 0.0293750296 -0.6616608756 0.7487483687
1725933118.7240505219 -9.4967597792 0.7510802513 0.3204482497 -0.0266417757 0.0293482034 -0.6616827758 0.7487354693
1725933118.8239474297 -9.4969998768 0.7516437886 0.3197906021 -0.0267632001 0.0293585246 -0.6616198675 0.7487863241
1725933118.9238686562 -9.4969122941 0.7515543590 0.3192935298 -0.0268491385 0.0293932879 -0.6615983707 0.7488008776
1725933119.0238306522 -9.4963869708 0.7513880384 0.3193307118 -0.0269044786 0.0294317486 -0.6616426621 0.7487582446
1725933119.1237826347 -9.4960872568 0.7514857657 0.3191233774 -0.0268230852 0.0295003097 -0.6616380301 0.7487625598
1725933119.2236225605 -9.4960572954 0.7517011658 0.3190486254 -0.0268826285 0.0293864583 -0.6616530367 0.7487516407
1725933119.3235676289 -9.4960172533 0.7512145355 0.3189779586 -0.0269853494 0.0294146713 -0.6616319654 0.7487654575
1725933119.4235024452 -9.4962247698 0.7508381235 0.3194469889 -0.0267505511 0.0293569417 -0.6616174694 0.7487889570
1725933119.5233974457 -9.4968501407 0.7501016014 0.3193116185 -0.0267663905 0.0294156567 -0.6615930765 0.7488076393
1725933119.6233174801 -9.4967252306 0.7500855632 0.3187993450 -0.0269626754 0.0294517821 -0.6615941076 0.7487982662
1725933119.7233126163 -9.4972303520 0.7504786476 0.3195872455 -0.0267891226 0.0294167034 -0.6616157810 0.7487867245
1725933119.8232114315 -9.4976213628 0.7508183095 0.3191614269 -0.0270097907 0.0294449033 -0.6615717568 0.7488165860
1725933119.9230556488 -9.4979023173 0.7510800014 0.3195454192 -0.0268050541 0.0294732408 -0.6615480306 0.7488437891
1725933120.0228075981 -9.4977951776 0.7515299274 0.3184611038 -0.0270292599 0.0293976342 -0.6615588997 0.7488290996
1725933120.1227285862 -9.4977988806 0.7514724523 0.3186478320 -0.0268261061 0.0293827137 -0.6615785281 0.7488196494
1725933120.2225825787 -9.4980401217 0.7520224507 0.3184433733 -0.0269098436 0.0293539822 -0.6616019773 0.7487970537
1725933120.3223404884 -9.4974293482 0.7511656610 0.3181951983 -0.0270283399 0.0294028662 -0.6616035432 0.7487894844
1725933120.4221675396 -9.4972553901 0.7513876651 0.3180166762 -0.0270239300 0.0293493187 -0.6616414082 0.7487582865
1725933120.5219764709 -9.4969996247 0.7512564322 0.3182474728 -0.0269961004 0.0293030989 -0.6616351299 0.7487666484
1725933120.6217446327 -9.4967289660 0.7515333982 0.3189006866 -0.0267841694 0.0293837915 -0.6616752161 0.7487356740
1725933120.7215635777 -9.4966316267 0.7516580303 0.3191405106 -0.0268515158 0.0293705525 -0.6616889136 0.7487216761
1725933120.8214135170 -9.4962344679 0.7516727317 0.3192640283 -0.0269303596 0.0294640372 -0.6616043714 0.7487898784
1725933120.9212844372 -9.4968362223 0.7508207936 0.3186649245 -0.0270825281 0.0294312208 -0.6615629584 0.7488222699
1725933121.0211794376 -9.4972918401 0.7499104405 0.3180500381 -0.0270153511 0.0294048294 -0.6615275522 0.7488570120
1725933121.1211426258 -9.4977020748 0.7495735934 0.3186032651 -0.0270010895 0.0294806183 -0.6614140297 0.7489548155
1725933121.2211055756 -9.4974837510 0.7500582696 0.3190936071 -0.0269343555 0.0294551187 -0.6613420984 0.7490217389
1725933121.3209915161 -9.4975387661 0.7499417491 0.3192568272 -0.0270332565 0.0295541069 -0.6611772361 0.7491598096
1725933121.4209716320 -9.4976430593 0.7504479340 0.3190522096 -0.0270257558 0.0294140903 -0.6608712185 0.7494355558
1725933121.5209076405 -9.4973514734 0.7506048841 0.3191937176 -0.0268211653 0.0293659685 -0.6606646059 0.7496269362
1725933121.6208224297 -9.4966112699 0.7504848699 0.3198326610 -0.0266978085 0.0294217925 -0.6605593278 0.7497219215
1725933121.7207305431 -9.4963561287 0.7505331408 0.3197470770 -0.0267972035 0.0293994067 -0.6604065841 0.7498538047
1725933121.8206706047 -9.4958777192 0.7506098482 0.3198301710 -0.0265152207 0.0293362260 -0.6603961974 0.7498754506
1725933121.9205114841 -9.4958151457 0.7505369348 0.3196714822 -0.0266206815 0.0293763731 -0.6603901554 0.7498754635
1725933122.0203526020 -9.4959731043 0.7504400153 0.3196441176 -0.0266741765 0.0294964348 -0.6604311188 0.7498327720
1725933122.1202125549 -9.5030102082 0.7513449556 0.3204958645 -0.0269570361 0.0293923827 -0.6649530382 0.7458195914
1725933122.2202856541 -9.5162508081 0.7500855256 0.3227179705 -0.0272728042 0.0288535614 -0.6775395040 0.7344139750
1725933122.3206984997 -9.5244844769 0.7488033203 0.3231691432 -0.0273192372 0.0284191791 -0.6876049106 0.7250141353
1725933122.4208285809 -9.5321414610 0.7497131184 0.3232074098 -0.0278193635 0.0283144244 -0.6948763581 0.7180328846
1725933122.5208976269 -9.5431151049 0.7496168726 0.3230831997 -0.0279364342 0.0277589421 -0.7036724059 0.7094322673
1725933122.6208806038 -9.5521521681 0.7493796495 0.3229549110 -0.0285811759 0.0275073912 -0.7134485624 0.6995838825
1725933122.7208974361 -9.5630472814 0.7499505786 0.3244437065 -0.0285111323 0.0272827075 -0.7220232142 0.6907425333
1725933122.8206684589 -9.5731168417 0.7505507743 0.3248541582 -0.0291054821 0.0270428739 -0.7298109343 0.6824936294
1725933122.9203584194 -9.5834359228 0.7518403296 0.3256732349 -0.0292523596 0.0265313940 -0.7384157811 0.6731883235
1725933123.0200486183 -9.5938655994 0.7528972027 0.3263258388 -0.0294106155 0.0261914591 -0.7473722810 0.6632372854
1725933123.1196916103 -9.6041203757 0.7537515603 0.3273185438 -0.0297703880 0.0258835872 -0.7552711086 0.6542242097
1725933123.2191226482 -9.6141488667 0.7558890628 0.3284572769 -0.0299251900 0.0254235455 -0.7628806885 0.6453457845
1725933123.3186435699 -9.6228917799 0.7573323624 0.3284591180 -0.0302788960 0.0250158417 -0.7712054292 0.6353735767
1725933123.4181704521 -9.6319505430 0.7582505711 0.3292769805 -0.0306597131 0.0247236151 -0.7794243347 0.6252570922
1725933123.5177264214 -9.6413120486 0.7609271266 0.3300734572 -0.0306151009 0.0242147241 -0.7868107946 0.6159587131
1725933123.6172754765 -9.6507507090 0.7650627194 0.3314543041 -0.0306847875 0.0240593094 -0.7941945367 0.6064112724
1725933123.7169084549 -9.6607424468 0.7687196194 0.3328638875 -0.0309941149 0.0239698274 -0.8018943631 0.5961797067
1725933123.8165836334 -9.6700981728 0.7728472770 0.3347784271 -0.0308005443 0.0235446033 -0.8095571715 0.5857594764
1725933123.9163074493 -9.6791603253 0.7775660285 0.3356137204 -0.0312594701 0.0234279402 -0.8167161839 0.5757157737
1725933124.0161626339 -9.6881241960 0.7813940189 0.3357586159 -0.0313599581 0.0231987239 -0.8237014474 0.5656803848
1725933124.1160635948 -9.6981824870 0.7845283164 0.3362088738 -0.0318079477 0.0226739894 -0.8306930553 0.5553586161
1725933124.2160305977 -9.7077412481 0.7873991532 0.3359885608 -0.0318885765 0.0222246613 -0.8377666437 0.5446432170
1725933124.3160934448 -9.7172198121 0.7917036597 0.3363121895 -0.0321933735 0.0218970831 -0.8444505551 0.5342165895
1725933124.4161574841 -9.7256334342 0.7962090919 0.3363862420 -0.0325855670 0.0216320168 -0.8510832382 0.5235719228
1725933124.5164206028 -9.7345959066 0.8010772592 0.3373379083 -0.0329182890 0.0212318069 -0.8575741114 0.5128666884
1725933124.6164746284 -9.7434270359 0.8069415755 0.3391343683 -0.0330075710 0.0208516617 -0.8639822050 0.5020064322
1725933124.7166166306 -9.7515264818 0.8120053339 0.3399001690 0.0330577627 -0.0203104878 0.8701717723 -0.4912186429
1725933124.8166635036 -9.7595415387 0.8164717213 0.3403615989 0.0336334539 -0.0200653720 0.8762172028 -0.4803223763
1725933124.9167525768 -9.7671539214 0.8212800054 0.3417866932 0.0335911255 -0.0197334995 0.8820659078 -0.4695124701
1725933125.0167865753 -9.7740712686 0.8279783017 0.3428179160 0.0338184910 -0.0193101017 0.8879556041 -0.4582775085
1725933125.1168024540 -9.7825953791 0.8346457120 0.3424049771 0.0339683200 -0.0187649815 0.8937022081 -0.4469791852
1725933125.2167046070 -9.7905608880 0.8414038233 0.3420351286 0.0340740805 -0.0183072858 0.8993426257 -0.4355302997
1725933125.3166005611 -9.7978080229 0.8476952790 0.3403784273 0.0347136210 -0.0180599507 0.9046883003 -0.4242733577
1725933125.4163615704 -9.8046470943 0.8544027122 0.3405281637 0.0345569828 -0.0175365097 0.9098496528 -0.4131245515
1725933125.5159945488 -9.8116590874 0.8616996460 0.3432510117 0.0346672788 -0.0172610178 0.9148687676 -0.4018897549
1725933125.6158006191 -9.8200050736 0.8695350198 0.3459193458 0.0344575492 -0.0168316746 0.9200047646 -0.3900264159
1725933125.7156424522 -9.8282827307 0.8770827512 0.3482412141 0.0345431206 -0.0164020919 0.9247985814 -0.3785304849
1725933125.8151814938 -9.8362488985 0.8842317138 0.3487446040 0.0342774842 -0.0160387100 0.9293403891 -0.3672795326
1725933125.9147734642 -9.8444423582 0.8917784827 0.3474646673 0.0348946562 -0.0155751482 0.9338841866 -0.3555279226
1725933126.0144815445 -9.8522836937 0.8985214734 0.3454745747 0.0353641261 -0.0152619340 0.9382848368 -0.3437121135
1725933126.1140894890 -9.8595305100 0.9039027272 0.3458190618 0.0356522194 -0.0148495946 0.9423880784 -0.3322846948
1725933126.2137815952 -9.8655597343 0.9134989922 0.3457351183 0.0358230819 -0.0143954882 0.9464739387 -0.3204630400
1725933126.3134834766 -9.8706499070 0.9226586146 0.3456714900 0.0357999569 -0.0140494251 0.9503792204 -0.3087074897
1725933126.4131824970 -9.8765882470 0.9330813148 0.3461171508 0.0357653087 -0.0134425597 0.9541927728 -0.2967428054
1725933126.5129585266 -9.8825209873 0.9426042289 0.3470329964 0.0359866514 -0.0132439085 0.9578345684 -0.2847498893
1725933126.6127214432 -9.8870637689 0.9477695238 0.3467569888 0.0362987478 -0.0127517887 0.9612701347 -0.2729093641
1725933126.7123935223 -9.8924568762 0.9562756123 0.3466536281 0.0359233772 -0.0123687881 0.9646435058 -0.2608053505
1725933126.8123054504 -9.8983442074 0.9659976353 0.3466730039 0.0360844336 -0.0119495377 0.9678506978 -0.2486365800
1725933126.9123506546 -9.9029581223 0.9750217941 0.3470750282 0.0364457414 -0.0115133266 0.9708403477 -0.2366604540
1725933127.0122816563 -9.9076156169 0.9837635349 0.3467665589 0.0366796259 -0.0109739372 0.9737346542 -0.2244437590
1725933127.1122455597 -9.9117329475 0.9928932432 0.3448118084 0.0375433293 -0.0103684557 0.9765147616 -0.2119007169
1725933127.2122275829 -9.9144502444 1.0017227877 0.3444660321 0.0375564456 -0.0099584187 0.9791280419 -0.1994959170
1725933127.3121745586 -9.9174492959 1.0106367569 0.3449088005 0.0368485985 -0.0095384606 0.9814798861 -0.1877456570
1725933127.4121215343 -9.9206236389 1.0198296149 0.3454356239 0.0365475987 -0.0091414397 0.9837360446 -0.1756248888
1725933127.5120694637 -9.9240682265 1.0295715445 0.3458991262 0.0366800241 -0.0087306474 0.9859143469 -0.1629455498
1725933127.6118385792 -9.9289899445 1.0384217351 0.3454518088 0.0373075879 -0.0084554928 0.9878660823 -0.1505232602
1725933127.7117235661 -9.9348802173 1.0490535775 0.3468054563 0.0370341151 -0.0081047534 0.9896150308 -0.1386538066
1725933127.8116505146 -9.9403764128 1.0575104179 0.3478608158 0.0372101357 -0.0076343959 0.9912356951 -0.1265263551
1725933127.9115395546 -9.9441128128 1.0665874028 0.3482521728 0.0374940854 -0.0071573174 0.9927573978 -0.1139109978
1725933128.0112974644 -9.9446874778 1.0758572062 0.3495513432 0.0373664049 -0.0068617235 0.9941159638 -0.1014402239
1725933128.1112046242 -9.9442435513 1.0856573657 0.3504882738 0.0377521511 -0.0063111444 0.9952922950 -0.0890403954
1725933128.2109825611 -9.9443527527 1.0947713948 0.3495183548 0.0376482428 -0.0057770794 0.9963456661 -0.0764496487
1725933128.3106374741 -9.9438037190 1.1043175987 0.3495249648 0.0372184874 -0.0054339887 0.9972441194 -0.0639485917
1725933128.4102945328 -9.9429987718 1.1155251999 0.3491650812 0.0372565673 -0.0050720800 0.9979630283 -0.0515365539
1725933128.5100595951 -9.9433300809 1.1257674922 0.3490188036 0.0367864002 -0.0047094593 0.9985391211 -0.0392963776
1725933128.6096675396 -9.9441723431 1.1357020797 0.3490909351 0.0372742382 -0.0041698139 0.9989381663 -0.0267541343
1725933128.7092974186 -9.9469231399 1.1472157158 0.3487675758 0.0370168121 -0.0038009307 0.9992026690 -0.0144684070
1725933128.8088495731 -9.9465787152 1.1581570487 0.3490294597 0.0371346948 -0.0034316460 0.9993023324 -0.0020215596
1725933128.9085724354 -9.9463737239 1.1700336737 0.3505778600 0.0365702028 -0.0031342651 0.9992699345 0.0106016350
1725933129.0082874298 -9.9451115051 1.1811290303 0.3508952905 0.0366558513 -0.0026263340 0.9990529482 0.0232950139
1725933129.1081094742 -9.9434845333 1.1914394331 0.3492423154 0.0364752842 -0.0021574350 0.9986958915 0.0356569139
1725933129.2078354359 -9.9419219524 1.2009875130 0.3489968288 0.0362262014 -0.0017698172 0.9981875577 0.0480221796
1725933129.3076455593 -9.9397094105 1.2099253684 0.3485835144 0.0365942248 -0.0012903894 0.9974784087 0.0607949159
1725933129.4074165821 -9.9389188745 1.2204497554 0.3479554319 0.0362950172 -0.0008178445 0.9966695739 0.0730189247
1725933129.5073375702 -9.9374844366 1.2300459461 0.3481062570 0.0360145720 -0.0000597595 0.9956827866 0.0855496082
1725933129.6073286533 -9.9367491746 1.2401249395 0.3481057957 0.0355433026 0.0002097706 0.9945474412 0.0980408942
1725933129.7073066235 -9.9358624283 1.2500333864 0.3493399311 0.0345779066 0.0004603292 0.9932976952 0.1102898235
1725933129.8072605133 -9.9345569672 1.2590524535 0.3496830796 0.0342089683 0.0010415308 0.9919057569 0.1222768623
1725933129.9072325230 -9.9306986666 1.2716139416 0.3505422184 0.0337094384 0.0016108872 0.9903199031 0.1346386584
1725933130.0072834492 -9.9266494893 1.2828493018 0.3506643129 0.0332995615 0.0021623480 0.9885424535 0.1472082915
1725933130.1072344780 -9.9224962914 1.2930711028 0.3503161104 0.0323584121 0.0025492422 0.9866682188 0.1594749526
1725933130.2071676254 -9.9185361559 1.3009055450 0.3501303237 0.0318534195 0.0030126848 0.9846132857 0.1717933673
1725933130.3070974350 -9.9158756873 1.3080897801 0.3490324280 0.0314744095 0.0033976857 0.9824567394 0.1837840375
1725933130.4070315361 -9.9123878476 1.3167049462 0.3485156034 0.0314748358 0.0038432139 0.9802132065 0.1953884189
1725933130.5068204403 -9.9089733456 1.3240795223 0.3472730898 0.0312775314 0.0041299774 0.9777047410 0.2076008158
1725933130.6067485809 -9.9056081066 1.3331185290 0.3468134117 0.0312910355 0.0046290743 0.9749895618 0.2199881748
1725933130.7067055702 -9.9021918312 1.3435833585 0.3466373945 0.0313312908 0.0047203992 0.9723553805 0.2313462385
1725933130.8065545559 -9.8973923292 1.3529262660 0.3461034089 0.0314180899 0.0050691847 0.9693769483 0.2435067538
1725933130.9063205719 -9.8927808562 1.3634245649 0.3456331609 0.0315844282 0.0052694447 0.9663172175 0.2553540522
1725933131.0060744286 -9.8861081765 1.3727697389 0.3462767937 0.0313455488 0.0054646483 0.9630178925 0.2675521127
1725933131.1058545113 -9.8788798416 1.3814776865 0.3464206150 0.0314289365 0.0055916339 0.9596032193 0.2795400100
1725933131.2056474686 -9.8735685302 1.3901288122 0.3456402729 0.0318805228 0.0059617889 0.9561198267 0.2911751473
1725933131.3052215576 -9.8675496023 1.3980152673 0.3460521324 0.0316401866 0.0061521887 0.9524242878 0.3030660410
1725933131.4050924778 -9.8624204617 1.4044505551 0.3466467061 0.0309607856 0.0064455876 0.9485817011 0.3149486316
1725933131.5048205853 -9.8570122496 1.4119806815 0.3467357278 0.0305932271 0.0069247101 0.9445679220 0.3268142340
1725933131.6047034264 -9.8515967393 1.4212558823 0.3473399110 0.0303790792 0.0076091704 0.9403702948 0.3387077217
1725933131.7047975063 -9.8447715990 1.4298284986 0.3470732439 0.0299491013 0.0077317900 0.9361659803 0.3501949858
1725933131.8045215607 -9.8389156367 1.4395587333 0.3473380268 0.0297189372 0.0079931541 0.9317453081 0.3618059909
1725933131.9043695927 -9.8331978421 1.4477387622 0.3464778796 0.0298040597 0.0086347383 0.9271742424 0.3733431178
1725933132.0043315887 -9.8255376663 1.4553496879 0.3456212967 0.0299671532 0.0085718282 0.9223741510 0.3850382047
1725933132.1041946411 -9.8173481049 1.4625961520 0.3455557941 0.0296592304 0.0093850215 0.9174982093 0.3965214841
1725933132.2040696144 -9.8089054637 1.4690871260 0.3450275240 0.0292923053 0.0099888567 0.9126450771 0.4075796203
1725933132.3039336205 -9.8009703868 1.4742306818 0.3439763414 0.0291291265 0.0105020121 0.9074594210 0.4189971372
1725933132.4037675858 -9.7934898579 1.4796227621 0.3440392766 0.0289261825 0.0107434275 0.9021157498 0.4303893920
1725933132.5035715103 -9.7864584338 1.4858407961 0.3432601923 0.0291477700 0.0111924856 0.8968766050 0.4411773921
1725933132.6034135818 -9.7778092967 1.4912396988 0.3431140730 0.0283785970 0.0114214978 0.8912358245 0.4525073588
1725933132.7032785416 -9.7709174112 1.4970424104 0.3430399869 0.0282110266 0.0118427395 0.8855465819 0.4635419492
1725933132.8030474186 -9.7640369766 1.5030180401 0.3434592027 0.0275028373 0.0121681429 0.8798074457 0.4743778965
1725933132.9028444290 -9.7553838242 1.5087352166 0.3423091238 0.0277118121 0.0125933641 0.8738147941 0.4853052321
1725933133.0025954247 -9.7458849535 1.5156262110 0.3418312302 0.0268823060 0.0133784568 0.8676597926 0.4962507862
1725933133.1024184227 -9.7373425243 1.5199641715 0.3415962462 0.0267938977 0.0136541235 0.8615538787 0.5067746699
1725933133.2022075653 -9.7303385290 1.5253211481 0.3416861164 0.0261339883 0.0141302915 0.8551772131 0.5174836073
1725933133.3020186424 -9.7227767460 1.5299806737 0.3398622042 0.0257105796 0.0145497236 0.8485699870 0.5282577485
1725933133.4017705917 -9.7145553003 1.5340507458 0.3394013631 0.0252915261 0.0147587627 0.8421267067 0.5384841014
1725933133.5015394688 -9.7057147946 1.5372113819 0.3388878658 0.0256432299 0.0151256954 0.8356956160 0.5483853348
1725933133.6012225151 -9.7015888269 1.5395476996 0.3381710533 0.0255529141 0.0152001020 0.8329695689 0.5525194139
1725933133.7007434368 -9.7031137164 1.5384816109 0.3380659585 0.0257610798 0.0150712322 0.8351962755 0.5491415174
1725933133.8000874519 -9.7015389278 1.5382556621 0.3379079155 0.0257542863 0.0151065937 0.8352568224 0.5490487667
1725933133.8995854855 -9.7006029756 1.5378373298 0.3376321446 0.0256738973 0.0151922504 0.8345005443 0.5501989531
1725933133.9991874695 -9.7014764181 1.5372801417 0.3374347016 0.0258455396 0.0152952463 0.8349036425 0.5495761743
1725933134.0988166332 -9.7017912928 1.5383827782 0.3378343473 0.0257288669 0.0151187950 0.8349038057 0.5495862832
1725933134.1985425949 -9.7019606025 1.5389239864 0.3379768527 0.0255755195 0.0151498304 0.8346964381 0.5499074756
1725933134.2984015942 -9.7025703101 1.5395295661 0.3376204825 0.0255165107 0.0152083958 0.8347061899 0.5498937978
1725933134.3983654976 -9.7030809317 1.5412831275 0.3373857741 0.0254534876 0.0151771332 0.8346970941 0.5499113890
1725933134.4983994961 -9.7034979193 1.5417927932 0.3371150510 0.0257575762 0.0151465446 0.8347505745 0.5498168858
1725933134.5985145569 -9.7037506288 1.5404516294 0.3375660513 0.0258567583 0.0152985137 0.8347689969 0.5497800518
1725933134.6985995770 -9.7035742316 1.5402289738 0.3373804165 0.0258288696 0.0151447090 0.8347802937 0.5497684682
1725933134.7989084721 -9.7036669940 1.5395335344 0.3374723348 0.0253773130 0.0151468858 0.8347912516 0.5497727986
1725933134.8991556168 -9.7031295492 1.5390599985 0.3375076910 0.0254725420 0.0151891358 0.8348430775 0.5496885260
1725933134.9993934631 -9.7032127611 1.5385901606 0.3373488923 0.0257737730 0.0152315502 0.8348291404 0.5496944777
1725933135.0996334553 -9.7029463006 1.5385952593 0.3375749784 0.0255424732 0.0151593407 0.8347894448 0.5497675502
1725933135.1998534203 -9.7030950521 1.5382645555 0.3376652799 0.0259083858 0.0152034924 0.8348579880 0.5496451121
1725933135.3001265526 -9.7032033555 1.5376514933 0.3375083642 0.0257602292 0.0153374979 0.8348620807 0.5496421362
1725933135.4000415802 -9.7031224813 1.5380825197 0.3372046718 0.0258162365 0.0151556002 0.8348511115 0.5496612151
1725933135.4999485016 -9.7032802665 1.5375999849 0.3376092803 0.0256571582 0.0152703745 0.8349259245 0.5495518415
1725933135.5998156071 -9.7034434981 1.5379268313 0.3375284110 0.0258359580 0.0152548824 0.8348493429 0.5496602283
1725933135.6995766163 -9.7034125008 1.5385456029 0.3378557927 0.0256078753 0.0152149662 0.8348565555 0.5496610530
1725933135.7992196083 -9.7035296828 1.5382728457 0.3378427750 0.0257369026 0.0152532246 0.8348242681 0.5497030038
1725933135.8988425732 -9.7036408472 1.5384362482 0.3377083214 0.0258496066 0.0151969106 0.8349141506 0.5495627470
1725933135.9984934330 -9.7037589373 1.5385882876 0.3372453156 0.0257848468 0.0151814784 0.8348872950 0.5496070132
1725933136.0979516506 -9.7039247709 1.5385005046 0.3375069534 0.0257607797 0.0152812508 0.8348505359 0.5496612123
1725933136.1974804401 -9.7039305170 1.5387662025 0.3376040083 0.0255668980 0.0153233338 0.8348280741 0.5497032071
1725933136.2971484661 -9.7044967351 1.5381381174 0.3378495482 0.0259555986 0.0153127982 0.8348405450 0.5496663438
1725933136.3967425823 -9.7048994850 1.5379801103 0.3380916847 0.0259246031 0.0153084233 0.8348120500 0.5497112045
1725933136.4963774681 -9.7049479541 1.5374970515 0.3378023592 0.0258553637 0.0153514782 0.8347103777 0.5498676365
1725933136.5960714817 -9.7048459210 1.5376018818 0.3381246596 0.0256967240 0.0152668299 0.8347892153 0.5497577360
1725933136.6958224773 -9.7048824749 1.5375034905 0.3379292057 0.0258366748 0.0152262222 0.8348019022 0.5497330375
1725933136.7956326008 -9.7047551147 1.5370993744 0.3377752451 0.0258426690 0.0153467435 0.8348491998 0.5496575730
1725933136.8954384327 -9.7043601850 1.5366988351 0.3380873988 0.0257409748 0.0153001381 0.8347850680 0.5497610374
1725933136.9954714775 -9.7043839933 1.5367550796 0.3377005420 0.0257752264 0.0152824166 0.8348450251 0.5496688726
1725933137.0954484940 -9.7036402660 1.5377406702 0.3378051559 0.0257888774 0.0153175303 0.8344272713 0.5503012229
1725933137.1955516338 -9.6955549288 1.5407209014 0.3377123593 0.0255731697 0.0155202922 0.8292408300 0.5580902967
1725933137.2959744930 -9.6844427461 1.5461099617 0.3373666770 0.0249167264 0.0158886838 0.8197890744 0.5719025965
1725933137.3966045380 -9.6776093802 1.5500405160 0.3356997198 0.0249076647 0.0161361606 0.8125758481 0.5820994104
1725933137.4970026016 -9.6677952357 1.5534742618 0.3347822683 0.0244200278 0.0165694593 0.8068130045 0.5900693951
1725933137.5973155499 -9.6575617471 1.5585197832 0.3335804638 0.0243833528 0.0168492782 0.7985757873 0.6011640923
1725933137.6976666451 -9.6486104678 1.5617076088 0.3340725765 0.0236938059 0.0174588121 0.7903326953 0.6119706073
1725933137.7977015972 -9.6397940734 1.5627953595 0.3335521083 0.0235894284 0.0174742681 0.7835706030 0.6206088132
1725933137.8976786137 -9.6290763030 1.5652880094 0.3329987154 0.0233914334 0.0176041097 0.7756857067 0.6304400214
1725933137.9974815845 -9.6186416974 1.5688970556 0.3320144278 0.0231551702 0.0179056893 0.7669487305 0.6410404583
1725933138.0971574783 -9.6071565336 1.5719977244 0.3309590081 0.0227829025 0.0180582577 0.7596790343 0.6496480612
1725933138.1966485977 -9.5973408202 1.5724686083 0.3304388077 0.0228492679 0.0182949995 0.7520482121 0.6584578123
1725933138.2961764336 -9.5879506314 1.5729836207 0.3298626716 0.0224417798 0.0189030969 0.7430153070 0.6686309094
1725933138.3955936432 -9.5778442624 1.5749663877 0.3294799321 0.0222454835 0.0191074773 0.7351250985 0.6772969307
1725933138.4949624538 -9.5678802818 1.5779351249 0.3285921163 0.0215268304 0.0192972162 0.7267493726 0.6862940786
1725933138.5943725109 -9.5588877104 1.5786749646 0.3284569229 0.0211562163 0.0194148553 0.7181950646 0.6952491116
1725933138.6938054562 -9.5488711746 1.5783934736 0.3266477729 0.0206549973 0.0195273713 0.7098177098 0.7038116735
1725933138.7932884693 -9.5383947629 1.5781669703 0.3252242459 0.0205210581 0.0203919336 0.7013504814 0.7122292872
1725933138.8927485943 -9.5283870714 1.5762237552 0.3254826191 0.0204855690 0.0206374398 0.6921355753 0.7211815187
1725933138.9925024509 -9.5175800994 1.5745537481 0.3242785014 0.0202881969 0.0211303082 0.6832135884 0.7296307914
1725933139.0922024250 -9.5076485464 1.5726055440 0.3236164788 0.0198727568 0.0212986870 0.6740212407 0.7381373900
1725933139.1920166016 -9.4978585399 1.5717288543 0.3215862023 0.0193585689 0.0214619151 0.6649896752 0.7462930818
1725933139.2919254303 -9.4871352964 1.5718139728 0.3203162474 0.0192793825 0.0217918475 0.6560858556 0.7541251692
1725933139.3919184208 -9.4764902043 1.5706512121 0.3197161301 0.0185689496 0.0215219907 0.6464272703 0.7624459209
1725933139.4920456409 -9.4672636274 1.5682425406 0.3195118482 0.0181385304 0.0221593620 0.6368461989 0.7704588732
1725933139.5922105312 -9.4582190283 1.5670375188 0.3188705053 0.0179285761 0.0226909228 0.6269751651 0.7785022997
1725933139.6922886372 -9.4494338841 1.5669749158 0.3185871004 0.0175717704 0.0223671436 0.6172233136 0.7862736959
1725933139.7925775051 -9.4409480679 1.5645340330 0.3160558050 0.0181784415 0.0225411131 0.6071744754 0.7940406784
1725933139.8927624226 -9.4314317098 1.5630544257 0.3153505734 0.0176984396 0.0230268922 0.5971157802 0.8016291365
1725933139.9929854870 -9.4202525092 1.5589305130 0.3152311344 0.0165745833 0.0232984649 0.5872237449 0.8089194880
1725933140.0930445194 -9.4093160446 1.5549859414 0.3150441467 0.0162944615 0.0237043779 0.5773387983 0.8159978584
1725933140.1931536198 -9.4019932838 1.5511554590 0.3132649760 0.0163368487 0.0239634186 0.5691336465 0.8217333840
1725933140.2930016518 -9.4030766560 1.5514248999 0.3125658054 0.0162792556 0.0242997550 0.5690845922 0.8217586231
1725933140.3924634457 -9.4045984464 1.5515957875 0.3122597034 0.0167332637 0.0238941601 0.5718351631 0.8198497504
1725933140.4919025898 -9.4033418886 1.5513883066 0.3110149207 0.0168356523 0.0240391500 0.5703232148 0.8208959196
1725933140.5914876461 -9.4042706709 1.5530167961 0.3098176542 0.0175017661 0.0235902189 0.5708637697 0.8205191931
1725933140.6909594536 -9.4038999266 1.5542892200 0.3096888897 0.0173561345 0.0237838143 0.5708044929 0.8205579356
1725933140.7905056477 -9.4038945269 1.5541515295 0.3093667041 0.0171580790 0.0235986355 0.5706743766 0.8206579438
1725933140.8900985718 -9.4043850106 1.5530733374 0.3100513980 0.0170939907 0.0234816494 0.5704729504 0.8208026684
1725933140.9897656441 -9.4046330368 1.5534447593 0.3100936766 0.0175352489 0.0238839906 0.5707010457 0.8206231696
1725933141.0894675255 -9.4046628563 1.5528580566 0.3103454982 0.0174269709 0.0239363008 0.5706837852 0.8206359555
1725933141.1891715527 -9.4041309954 1.5535171674 0.3098855439 0.0175383544 0.0238256123 0.5707147322 0.8206152818
1725933141.2891836166 -9.4038822383 1.5533473708 0.3095549979 0.0171089430 0.0235729349 0.5706873642 0.8206506767
1725933141.3890764713 -9.4039345247 1.5539958397 0.3093142280 0.0174222407 0.0235498280 0.5705856828 0.8207154499
1725933141.4891154766 -9.4044468210 1.5528836814 0.3099159804 0.0174837528 0.0238582567 0.5706680608 0.8206479552
1725933141.5892004967 -9.4049677830 1.5523692542 0.3095466533 0.0174457216 0.0236873974 0.5707501087 0.8205966533
1725933141.6893115044 -9.4051600503 1.5525975232 0.3094231500 0.0174988304 0.0236636918 0.5706080750 0.8206949771
1725933141.7894585133 -9.4052065150 1.5522530251 0.3094730664 0.0175485762 0.0235408519 0.5706986896 0.8206344384
1725933141.8896186352 -9.4054202054 1.5520656678 0.3093375384 0.0174430653 0.0234092894 0.5706005972 0.8207086591
1725933141.9897925854 -9.4053885513 1.5523386426 0.3097928159 0.0172281738 0.0237396616 0.5707131682 0.8206254311
1725933142.0899126530 -9.4051407733 1.5522415853 0.3094614970 0.0175119871 0.0235819860 0.5707203104 0.8206190027
1725933142.1900155544 -9.4054938826 1.5518906399 0.3109589015 0.0170070996 0.0236935721 0.5705001205 0.8207794988
1725933142.2900335789 -9.4056245934 1.5528836648 0.3109571486 0.0171205540 0.0236161323 0.5708344607 0.8205468807
1725933142.3900125027 -9.4052373118 1.5545256701 0.3103233140 0.0171857026 0.0236820337 0.5705928332 0.8207116617
1725933142.4899225235 -9.4042391409 1.5547040246 0.3101899630 0.0172465691 0.0236121180 0.5707613513 0.8205952130
1725933142.5897645950 -9.4037147531 1.5548569238 0.3093267765 0.0174909821 0.0234738043 0.5707093605 0.8206301675
1725933142.6894586086 -9.4036335869 1.5539190261 0.3084826642 0.0175481484 0.0236402258 0.5707417144 0.8206016681
1725933142.7893264294 -9.4042040725 1.5534807262 0.3083388158 0.0175221923 0.0234831044 0.5706379273 0.8206789095
1725933142.8890376091 -9.4056819286 1.5524797606 0.3093989478 0.0175346763 0.0233336591 0.5707102513 0.8206326124
1725933142.9887444973 -9.4065259308 1.5526621228 0.3099710348 0.0173876542 0.0237854914 0.5706214678 0.8206845072
1725933143.0884165764 -9.4065839473 1.5522301687 0.3099973000 0.0175059262 0.0236819889 0.5706748349 0.8206478774
1725933143.1879866123 -9.4065877072 1.5522317723 0.3100420929 0.0174057946 0.0237412559 0.5705676341 0.8207228314
1725933143.2876265049 -9.4058737157 1.5525998744 0.3103399400 0.0174018411 0.0238052966 0.5706341803 0.8206747931
1725933143.3874495029 -9.4062694221 1.5523194519 0.3109925291 0.0171445435 0.0237039837 0.5706255151 0.8206891661
1725933143.4869365692 -9.4065176665 1.5522093584 0.3108310641 0.0172812021 0.0235689405 0.5705941250 0.8207120138
1725933143.5866374969 -9.4056088214 1.5523074963 0.3101588660 0.0173505235 0.0235968196 0.5706755901 0.8206531060
1725933143.6864974499 -9.4047991296 1.5522767635 0.3103917507 0.0169243291 0.0235386831 0.5707151616 0.8206361568
1725933143.7861936092 -9.4051035969 1.5518670649 0.3108810130 0.0170429695 0.0234961828 0.5705104543 0.8207772464
1725933143.8862285614 -9.4057045800 1.5517271602 0.3112652945 0.0170597064 0.0236768706 0.5706893624 0.8206473200
1725933143.9860606194 -9.4057274159 1.5521466561 0.3116541455 0.0171943898 0.0238030261 0.5705434333 0.8207423223
1725933144.0860145092 -9.4058253826 1.5519963250 0.3115714586 0.0169459866 0.0236487433 0.5706428028 0.8206828633
1725933144.1859154701 -9.4065457332 1.5513468706 0.3109348400 0.0171012201 0.0237919498 0.5705660558 0.8207288635
1725933144.2860534191 -9.4065790800 1.5519547643 0.3106907197 0.0171848404 0.0237487396 0.5706218665 0.8206895662
1725933144.3860235214 -9.4063502990 1.5514529009 0.3108366100 0.0171265277 0.0235573605 0.5706765847 0.8206582532
1725933144.4861514568 -9.4064696735 1.5516294060 0.3107585360 0.0170383460 0.0236016701 0.5706800957 0.8206563740
1725933144.5862014294 -9.4061095997 1.5528198772 0.3110139573 0.0170709510 0.0237046886 0.5706061120 0.8207041704
1725933144.6862335205 -9.4051038421 1.5533572140 0.3101618909 0.0174134677 0.0236848529 0.5707467518 0.8205997467
1725933144.7861604691 -9.4052783357 1.5543600248 0.3094278852 0.0177325893 0.0234995049 0.5706515551 0.8206644450
1725933144.8862235546 -9.4054975306 1.5535721648 0.3092673904 0.0176536239 0.0234504257 0.5706541641 0.8206657371
1725933144.9862124920 -9.4054325400 1.5536883337 0.3092563783 0.0175066059 0.0234935781 0.5705855914 0.8207153303
1725933145.0861074924 -9.4052197471 1.5537649716 0.3100070286 0.0172647159 0.0234556625 0.5706475158 0.8206784841
1725933145.1859054565 -9.4054501157 1.5532551577 0.3103064103 0.0172506468 0.0234871458 0.5704543175 0.8208121836
1725933145.2858686447 -9.4068785979 1.5524264339 0.3108487576 0.0172937947 0.0235632640 0.5703610873 0.8208738803
1725933145.3857035637 -9.4077367391 1.5514914986 0.3118910512 0.0170175417 0.0237880022 0.5703845929 0.8208568392
1725933145.4854555130 -9.4081250913 1.5513798339 0.3122042537 0.0169069218 0.0237252322 0.5703866760 0.8208594942
1725933145.5853164196 -9.4081029659 1.5515620908 0.3123798495 0.0169338367 0.0237069872 0.5704071975 0.8208452064
1725933145.6850914955 -9.4068087250 1.5523421817 0.3113802342 0.0170840107 0.0236001131 0.5704937653 0.8207850115
1725933145.7848615646 -9.4064424844 1.5520009709 0.3114897923 0.0168453462 0.0237776514 0.5704735068 0.8207989009
1725933145.8845205307 -9.4069945715 1.5520127541 0.3116906741 0.0168895991 0.0234584312 0.5703924375 0.8208635153
1725933145.9842205048 -9.4073372693 1.5515768977 0.3109956528 0.0171570714 0.0237428538 0.5703927472 0.8208495756
1725933146.0839974880 -9.4074043138 1.5523140475 0.3107128401 0.0172146126 0.0235705902 0.5704085734 0.8208423380
1725933146.1836585999 -9.4083351244 1.5519820660 0.3108007400 0.0171029426 0.0235491338 0.5702578122 0.8209500321
1725933146.2833855152 -9.4086051194 1.5519816792 0.3116277383 0.0168514023 0.0235937232 0.5702904929 0.8209312518
1725933146.3832526207 -9.4085352094 1.5514763873 0.3118258405 0.0168589730 0.0237248525 0.5703400233 0.8208929067
1725933146.4830515385 -9.4084096346 1.5520734430 0.3128689884 0.0167505812 0.0236129800 0.5701230181 0.8210490786
1725933146.5829236507 -9.4083837575 1.5510910769 0.3134440217 0.0164815707 0.0236275404 0.5701188869 0.8210569724
1725933146.6827876568 -9.4086655023 1.5513903020 0.3133298825 0.0165874090 0.0236589928 0.5700720378 0.8210864642
1725933146.7827835083 -9.4086702630 1.5519021162 0.3130340276 0.0166738399 0.0237363301 0.5701415671 0.8210342034
1725933146.8826534748 -9.4087293416 1.5521042041 0.3138803456 0.0163216201 0.0238739281 0.5701552238 0.8210278077
1725933146.9825296402 -9.4088714586 1.5529087802 0.3141482410 0.0164296258 0.0236893406 0.5702154129 0.8209891993
1725933147.0825965405 -9.4079758938 1.5540372024 0.3137429657 0.0165170390 0.0237393223 0.5702015594 0.8209956234
1725933147.1824834347 -9.4069802654 1.5532897854 0.3134771734 0.0164312261 0.0238393047 0.5702445568 0.8209645838
1725933147.2823956013 -9.4074622020 1.5521066081 0.3135276488 0.0164456882 0.0235766664 0.5701191868 0.8210589461
1725933147.3823945522 -9.4080001097 1.5528851093 0.3136584065 0.0164399270 0.0235855485 0.5702082719 0.8209969411
1725933147.4822566509 -9.4073398190 1.5528804253 0.3131718164 0.0167534787 0.0239205739 0.5702192146 0.8209733092
1725933147.5822124481 -9.4064153097 1.5523168927 0.3123086522 0.0169691393 0.0235498997 0.5703345438 0.8208994815
1725933147.6821124554 -9.4063702626 1.5519515675 0.3116562771 0.0169150744 0.0233901732 0.5704042071 0.8208567601
1725933147.7819194794 -9.4067188127 1.5516729971 0.3114474374 0.0169693738 0.0237267688 0.5704116780 0.8208407875
1725933147.8818836212 -9.4070864149 1.5514726869 0.3107856936 0.0172294810 0.0236712846 0.5706078012 0.8207006473
1725933147.9816894531 -9.4072736856 1.5525000054 0.3105779226 0.0171312706 0.0237313350 0.5705031075 0.8207737494
1725933148.0815114975 -9.4063857246 1.5526021957 0.3102736208 0.0172353161 0.0234094460 0.5705897148 0.8207206097
1725933148.1812894344 -9.4061570329 1.5531602034 0.3101638503 0.0173994712 0.0236012170 0.5706112524 0.8206966794
1725933148.2811355591 -9.4062342951 1.5531091021 0.3111265304 0.0171073076 0.0235063511 0.5704029375 0.8208503398
1725933148.3809225559 -9.4064159999 1.5529970082 0.3106719675 0.0172784311 0.0235706304 0.5705281996 0.8207578539
1725933148.4806716442 -9.4061090112 1.5527199875 0.3104818403 0.0172802032 0.0235516594 0.5704294273 0.8208270112
1725933148.5803694725 -9.4063236011 1.5524956355 0.3110732422 0.0171265299 0.0236717233 0.5705752011 0.8207254543
1725933148.6801536083 -9.4064363627 1.5528782138 0.3105955463 0.0173992552 0.0236537830 0.5706427855 0.8206732455
1725933148.7799224854 -9.4070688266 1.5524669064 0.3109058846 0.0170670464 0.0235592411 0.5705983536 0.8207138338
1725933148.8797595501 -9.4075519010 1.5534421536 0.3107816947 0.0170681012 0.0237542342 0.5708518286 0.8205319044
1725933148.9795014858 -9.4125408852 1.5551589811 0.3110398047 0.0172336212 0.0238447147 0.5767108580 0.8164184088
1725933149.0790176392 -9.4250893460 1.5588494698 0.3130916696 0.0175676766 0.0234471795 0.5910189003 0.8061254654
1725933149.1782834530 -9.4349337907 1.5598097564 0.3147899585 0.0176401154 0.0228794237 0.6021199138 0.7978828032
1725933149.2777874470 -9.4426322257 1.5602708985 0.3161075945 0.0177770949 0.0228291277 0.6083990878 0.7931036224
1725933149.3774735928 -9.4528146399 1.5631193145 0.3182908546 0.0179176023 0.0224683012 0.6186547215 0.7851372304
1725933149.4771044254 -9.4648287582 1.5659924238 0.3196044235 0.0184014225 0.0224239325 0.6309374995 0.7752911883
1725933149.5767765045 -9.4747044018 1.5670447248 0.3202697766 0.0189486816 0.0225929949 0.6399855715 0.7678209246
1725933149.6768114567 -9.4819722105 1.5665476547 0.3200762539 0.0190663542 0.0220079183 0.6474979975 0.7615106492
1725933149.7767574787 -9.4915498421 1.5686462357 0.3198862181 0.0196617170 0.0221636580 0.6575976950 0.7527864642
1725933149.8767695427 -9.5037112731 1.5704227675 0.3199956247 0.0196564127 0.0215105687 0.6680792162 0.7435193890
1725933149.9768836498 -9.5132692046 1.5709889088 0.3209036582 0.0202930585 0.0214077026 0.6765607422 0.7357958033
1725933150.0771465302 -9.5216696112 1.5716451839 0.3209521588 0.0205720891 0.0209486465 0.6846498845 0.7282804947
1725933150.1774644852 -9.5335738219 1.5712610251 0.3227419255 0.0210150178 0.0205854099 0.6943617617 0.7190245850
1725933150.2776944637 -9.5447252041 1.5713648490 0.3241709758 0.0211455601 0.0201596064 0.7039087132 0.7096893539
1725933150.3779356480 -9.5535042137 1.5716932023 0.3255820942 0.0209167290 0.0196907061 0.7118761537 0.7017172567
1725933150.4781496525 -9.5628311700 1.5716080607 0.3265908030 0.0215381712 0.0198071713 0.7203578762 0.6929850744
1725933150.5783395767 -9.5724566272 1.5711655794 0.3277568037 0.0217665867 0.0192225672 0.7282753368 0.6846690751
1725933150.6785726547 -9.5718557787 1.5711036853 0.3287433965 0.0216926767 0.0192814874 0.7295385216 0.6833236404
1725933150.7789304256 -9.5691425177 1.5704355344 0.3276757533 0.0211742486 0.0192658516 0.7257680437 0.6873436004
1725933150.8793046474 -9.5718554639 1.5711586141 0.3274336605 0.0215908751 0.0192536968 0.7252221847 0.6879069066
1725933150.9793865681 -9.5728417146 1.5712911637 0.3271027168 0.0213975446 0.0193228404 0.7270221273 0.6860084543
1725933151.0789964199 -9.5721161993 1.5717610307 0.3271240688 0.0217618838 0.0193135872 0.7274583025 0.6855346993
1725933151.1786224842 -9.5707272152 1.5718809939 0.3264184572 0.0216922018 0.0190293188 0.7267665805 0.6862781294
1725933151.2781474590 -9.5700017332 1.5724010316 0.3268077349 0.0214734263 0.0190592685 0.7263305556 0.6867456299
1725933151.3775234222 -9.5698351524 1.5722976201 0.3264931224 0.0215459721 0.0190439743 0.7264372615 0.6866309076
1725933151.4768214226 -9.5707220700 1.5715567649 0.3271468891 0.0216628286 0.0191796826 0.7265322233 0.6865229713
1725933151.5761525631 -9.5704641630 1.5714387487 0.3275352539 0.0215745676 0.0190750864 0.7265255536 0.6865357231
1725933151.6755454540 -9.5701805746 1.5721696042 0.3275334920 0.0213900292 0.0190656772 0.7264037456 0.6866706379
1725933151.7748885155 -9.5706129026 1.5717610092 0.3279181878 0.0214367836 0.0191357708 0.7265181127 0.6865462246
1725933151.8743324280 -9.5709691795 1.5709257071 0.3280925370 0.0213123134 0.0190583096 0.7264264508 0.6866492392
1725933151.9738805294 -9.5711400498 1.5711577036 0.3276359354 0.0213846346 0.0191229303 0.7264025109 0.6866705200
1725933152.0734796524 -9.5716539457 1.5713982565 0.3280043856 0.0215055078 0.0191870639 0.7264034074 0.6866640077
1725933152.1732175350 -9.5714342094 1.5717123926 0.3277371910 0.0214799269 0.0191990141 0.7263867667 0.6866820776
1725933152.2730555534 -9.5715494973 1.5716963326 0.3277739303 0.0213360707 0.0191404719 0.7264157068 0.6866575823
1725933152.3730354309 -9.5715516525 1.5709092895 0.3276841736 0.0213560049 0.0191294857 0.7263590985 0.6867171499
1725933152.4730455875 -9.5714387852 1.5708191386 0.3280081926 0.0214523162 0.0190467675 0.7263586488 0.6867169228
1725933152.5732336044 -9.5717121109 1.5712468180 0.3274038104 0.0216162292 0.0190911645 0.7263529889 0.6867165366
1725933152.6734695435 -9.5717363232 1.5714996009 0.3275252523 0.0216388742 0.0192438042 0.7264447160 0.6866145277
1725933152.7737495899 -9.5717806561 1.5719683544 0.3269477684 0.0214641749 0.0188633737 0.7265239229 0.6865467586
1725933152.8740246296 -9.5715522007 1.5718443058 0.3264777242 0.0215550662 0.0190146201 0.7264088695 0.6866614724
1725933152.9743056297 -9.5714936141 1.5715480552 0.3262114099 0.0217034744 0.0191029927 0.7264917930 0.6865666097
1725933153.0745534897 -9.5714383649 1.5712857289 0.3268243610 0.0216071258 0.0189998251 0.7264606983 0.6866054126
1725933153.1747124195 -9.5716827088 1.5708462023 0.3277505318 0.0214756379 0.0190636249 0.7264447613 0.6866246310
1725933153.2747995853 -9.5714362975 1.5706867075 0.3282065812 0.0212233161 0.0191762687 0.7264528108 0.6866208235
1725933153.3747475147 -9.5713115660 1.5708254994 0.3283539017 0.0213099723 0.0192531919 0.7263781731 0.6866949463
1725933153.4746465683 -9.5716457938 1.5715757099 0.3276182909 0.0215164720 0.0190137035 0.7263090914 0.6867682464
1725933153.5744304657 -9.5717974673 1.5719289371 0.3280969285 0.0214984203 0.0191070874 0.7264633703 0.6866030212
1725933153.6740975380 -9.5714921914 1.5718874896 0.3273609569 0.0217691695 0.0191196199 0.7265272110 0.6865265873
1725933153.7737014294 -9.5713939047 1.5722200718 0.3272228768 0.0216084821 0.0189671125 0.7263660142 0.6867064406
1725933153.8732266426 -9.5675870557 1.5717495884 0.3275669823 0.0215653629 0.0192240860 0.7232476012 0.6899842585
1725933153.9728834629 -9.5525563152 1.5708581241 0.3263804161 0.0207228939 0.0198162371 0.7114308596 0.7021709268
1725933154.0730445385 -9.5408417506 1.5707514063 0.3251934184 0.0211391785 0.0205468654 0.6997464450 0.7137827920
1725933154.1729664803 -9.5338377891 1.5694207033 0.3244281048 0.0206869237 0.0205930664 0.6933572073 0.7200026111
1725933154.2726275921 -9.5250293647 1.5703603273 0.3233960513 0.0204586283 0.0209317941 0.6872437251 0.7258370112
1725933154.3725154400 -9.5120387737 1.5701787303 0.3217142801 0.0200422017 0.0211503605 0.6761363110 0.7362001504
1725933154.4720454216 -9.5004109382 1.5705097624 0.3202316262 0.0197130216 0.0213831486 0.6648782139 0.7463853686
1725933154.5717685223 -9.4915660560 1.5707463217 0.3189878404 0.0197367526 0.0214645253 0.6565737909 0.7536979447
1725933154.6714024544 -9.4833646389 1.5697764503 0.3188855611 0.0194147602 0.0217725103 0.6496205912 0.7596986984
1725933154.7709906101 -9.4723291530 1.5677195866 0.3185683855 0.0188836537 0.0218820963 0.6391275576 0.7685574452
1725933154.8707504272 -9.4622156588 1.5668745426 0.3180899688 0.0187940083 0.0224732980 0.6276283690 0.7779616742
1725933154.9704525471 -9.4535706200 1.5634063736 0.3174461593 0.0183802640 0.0223101610 0.6184709289 0.7852758323
1725933155.0699825287 -9.4453997082 1.5601554842 0.3173260402 0.0178572844 0.0228806231 0.6100536187 0.7918283759
1725933155.1697366238 -9.4364736866 1.5562344994 0.3177889908 0.0172604009 0.0230994371 0.5998497555 0.7995928748
1725933155.2695424557 -9.4267544185 1.5547796487 0.3167257257 0.0171705820 0.0235310755 0.5889646588 0.8076336361
1725933155.3693265915 -9.4161733643 1.5518864301 0.3156134164 0.0168801425 0.0237240353 0.5790312722 0.8147852581
1725933155.4691064358 -9.4062117191 1.5491949224 0.3136952935 0.0167160139 0.0237125567 0.5694681859 0.8215012324
1725933155.5688815117 -9.3968500907 1.5482607016 0.3135776982 0.0164596741 0.0243360507 0.5589789828 0.8286611687
1725933155.6687865257 -9.3877976099 1.5457599161 0.3121261082 0.0162554802 0.0246630560 0.5479439858 0.8359933501
1725933155.7687406540 -9.3802470052 1.5411186782 0.3140547821 0.0146745432 0.0243328005 0.5377544702 0.8426225148
1725933155.8685474396 -9.3718766754 1.5368802359 0.3168469501 0.0136770532 0.0248996300 0.5270844065 0.8493379628
1725933155.9685955048 -9.3639606830 1.5325744719 0.3197863079 0.0127566777 0.0257887771 0.5160645750 0.8560663296
1725933156.0685274601 -9.3560421760 1.5281381909 0.3204942976 0.0124511013 0.0262518305 0.5054337317 0.8623761095
1725933156.1684224606 -9.3464825428 1.5221798026 0.3201447776 0.0114205949 0.0264666300 0.4947378530 0.8685640703
1725933156.2683215141 -9.3371883941 1.5173636085 0.3170679551 0.0118358991 0.0261602100 0.4835767989 0.8748308605
1725933156.3682496548 -9.3273697646 1.5123789060 0.3157646572 0.0105562032 0.0266422295 0.4729510416 0.8806225471
1725933156.4681475163 -9.3177085929 1.5059546726 0.3144053993 0.0105718841 0.0265058809 0.4622138479 0.8863092194
1725933156.5680146217 -9.3091511302 1.5000324599 0.3107752439 0.0108617491 0.0256751891 0.4504919800 0.8923451031
1725933156.6678576469 -9.3011171375 1.4936370659 0.3097309902 0.0100571720 0.0261196462 0.4396548076 0.8977306208
1725933156.7677104473 -9.2952502113 1.4881235286 0.3105418154 0.0093182934 0.0269871513 0.4280424713 0.9033075367
1725933156.8675475121 -9.2882691880 1.4846301234 0.3113654935 0.0087849726 0.0280863550 0.4165194859 0.9086503721
1725933156.9673376083 -9.2807332160 1.4786999959 0.3130895381 0.0079741884 0.0289644858 0.4054105205 0.9136409474
1725933157.0670876503 -9.2733316847 1.4715795794 0.3144594391 0.0073743386 0.0299550303 0.3936938927 0.9187238073
1725933157.1668646336 -9.2650949462 1.4623733517 0.3131435887 0.0071195289 0.0286470012 0.3827302389 0.9233884480
1725933157.2667195797 -9.2576060525 1.4536824535 0.3113507284 0.0068008973 0.0283153735 0.3712125274 0.9280911846
1725933157.3665316105 -9.2506454290 1.4456803960 0.3106341256 0.0064989012 0.0283139497 0.3597625949 0.9325915289
1725933157.4662315845 -9.2434883106 1.4384918322 0.3088880083 0.0059498197 0.0281303829 0.3481235111 0.9370076319
1725933157.5661716461 -9.2378680742 1.4308604625 0.3078817367 0.0055788480 0.0280823567 0.3365336748 0.9412360721
1725933157.6657314301 -9.2322217248 1.4236187265 0.3080116393 0.0052499964 0.0285216325 0.3248896624 0.9453071783
1725933157.7655365467 -9.2256940687 1.4156818730 0.3085425675 0.0048004737 0.0287337001 0.3130750635 0.9492814833
1725933157.8652684689 -9.2191611339 1.4080338321 0.3075117007 0.0045066825 0.0283123227 0.3013294950 0.9530889977
1725933157.9650194645 -9.2128648598 1.4009909518 0.3062871196 0.0041527734 0.0284810604 0.2894757993 0.9567524995
1725933158.0646765232 -9.2067694095 1.3934454763 0.3057240694 0.0037981950 0.0292451332 0.2774190538 0.9602962899
1725933158.1645085812 -9.2011674002 1.3856350851 0.3063398851 0.0033902470 0.0296856334 0.2655294206 0.9636396610
1725933158.2643206120 -9.1955379588 1.3774639026 0.3063815826 0.0030644540 0.0299023121 0.2535130408 0.9668648298
1725933158.3641636372 -9.1894470537 1.3690530491 0.3066842582 0.0026897327 0.0300474923 0.2414146752 0.9699530237
1725933158.4640364647 -9.1838939345 1.3598484143 0.3075096282 0.0022999395 0.0295577444 0.2292771953 0.9729095630
1725933158.5639505386 -9.1794622694 1.3505768352 0.3080712803 0.0018681951 0.0302664714 0.2171726780 0.9756620719
1725933158.6638906002 -9.1749663005 1.3410313985 0.3085143496 0.0016082598 0.0310857000 0.2051476082 0.9782359386
1725933158.7638125420 -9.1705722834 1.3328304681 0.3101729291 0.0012512404 0.0318469218 0.1929388339 0.9806930276
1725933158.8636806011 -9.1672082973 1.3235872325 0.3116241850 0.0009088763 0.0328527004 0.1806341781 0.9830011026
1725933158.9636425972 -9.1632689206 1.3135523112 0.3114716814 0.0005541237 0.0326492739 0.1681983312 0.9852121798
1725933159.0634725094 -9.1606948357 1.3041121464 0.3105095614 0.0001895752 0.0323086187 0.1560349589 0.9872229783
1725933159.1633934975 -9.1576637536 1.2951622876 0.3089979184 -0.0002194579 0.0324764109 0.1439221944 0.9890559320
1725933159.2632725239 -9.1536245730 1.2842010067 0.3066077161 -0.0007949281 0.0324019938 0.1316133295 0.9907711191
1725933159.3631095886 -9.1505529306 1.2745562423 0.3050526949 -0.0009962290 0.0326357256 0.1204456420 0.9921828280
1725933159.4629304409 -9.1493312591 1.2733871449 0.3048761105 -0.0011059271 0.0322956365 0.1188497763 0.9923862653
1725933159.5623605251 -9.1495834294 1.2762496799 0.3046542001 -0.0010135271 0.0321989799 0.1226701228 0.9919245130
1725933159.6616785526 -9.1502693704 1.2750568492 0.3053459482 -0.0010260926 0.0321371954 0.1213686330 0.9920865903
1725933159.7612824440 -9.1508061766 1.2749342864 0.3061463368 -0.0009821323 0.0321137793 0.1207407017 0.9921640104
1725933159.8608455658 -9.1518157198 1.2747793631 0.3066698778 -0.0010770554 0.0323998250 0.1213962151 0.9920746193
1725933159.9605336189 -9.1523365486 1.2749214742 0.3069402715 -0.0009452791 0.0324328222 0.1211205064 0.9921073739
1725933160.0602924824 -9.1524226776 1.2746664272 0.3071576608 -0.0009841396 0.0324454516 0.1211462808 0.9921037762
1725933160.1601135731 -9.1521317204 1.2754738174 0.3070429255 -0.0009046336 0.0319327920 0.1213743073 0.9920926146
1725933160.2600204945 -9.1519590658 1.2754040905 0.3067933252 -0.0009623201 0.0323620106 0.1211820658 0.9921021526
1725933160.3599176407 -9.1519829336 1.2756931108 0.3064447624 -0.0009230465 0.0322350831 0.1212580484 0.9920970381
1725933160.4599444866 -9.1522921735 1.2755636158 0.3059123573 -0.0010006808 0.0322140591 0.1212354397 0.9921004088
1725933160.5600626469 -9.1521264432 1.2754905924 0.3055857965 -0.0009662242 0.0321232044 0.1212354652 0.9921033858
1725933160.6602864265 -9.1524727478 1.2749741798 0.3056969278 -0.0009774763 0.0322174628 0.1212475156 0.9920988457
1725933160.7604446411 -9.1520491136 1.2749884132 0.3062571044 -0.0009295036 0.0323864365 0.1211831112 0.9921012591
1725933160.8605275154 -9.1521820110 1.2751304895 0.3064447949 -0.0009257812 0.0322701880 0.1212401871 0.9920980773
1725933160.9607114792 -9.1520199739 1.2753030041 0.3069570352 -0.0009488916 0.0322205600 0.1212695041 0.9920960853
1725933161.0607964993 -9.1519460051 1.2753723154 0.3069840751 -0.0010002352 0.0319619973 0.1212207302 0.9921103592
1725933161.1608276367 -9.1515587887 1.2749499883 0.3063023993 -0.0010241903 0.0322602302 0.1211982168 0.9921034325
1725933161.2608356476 -9.1511636233 1.2746445819 0.3060158918 -0.0010195068 0.0320322686 0.1212293311 0.9921070223
1725933161.3607194424 -9.1513505441 1.2743019064 0.3059807762 -0.0010504096 0.0320677880 0.1212233509 0.9921065733
1725933161.4605615139 -9.1521317657 1.2745900431 0.3057961930 -0.0010679372 0.0322077727 0.1211974438 0.9921051852
1725933161.5603516102 -9.1518316185 1.2726374122 0.3054605136 -0.0011898246 0.0323425088 0.1193814566 0.9923208222
1725933161.6601674557 -9.1493592530 1.2624807327 0.3057228135 -0.0015952820 0.0321647390 0.1076042583 0.9936720829
1725933161.7602725029 -9.1461953406 1.2506306057 0.3058445765 -0.0022639259 0.0327152455 0.0907077986 0.9953374717
1725933161.8603985310 -9.1431411398 1.2419267571 0.3051244380 -0.0026167445 0.0327204456 0.0793812922 0.9963037366
1725933161.9601905346 -9.1417083341 1.2335171625 0.3042229759 -0.0028493750 0.0320243975 0.0697156199 0.9970486705
1725933162.0598754883 -9.1397621153 1.2240667271 0.3043877033 -0.0031731197 0.0322391265 0.0559781740 0.9979063153
1725933162.1595184803 -9.1394213420 1.2140035553 0.3051130268 -0.0038343384 0.0329541955 0.0419540943 0.9985685619
1725933162.2593126297 -9.1383313906 1.2040851170 0.3064862450 -0.0042832871 0.0331001521 0.0310199079 0.9989613600
1725933162.3587286472 -9.1373059218 1.1943789861 0.3070621435 -0.0045523682 0.0330954441 0.0194265259 0.9992530098
1725933162.4584264755 -9.1368414113 1.1828128929 0.3057877802 -0.0050777543 0.0329764789 0.0059811038 0.9994253322
1725933162.5579836369 -9.1360690695 1.1716939294 0.3051198322 -0.0052819492 0.0327048866 -0.0064319365 0.9994303986
1725933162.6575524807 -9.1364191574 1.1623436776 0.3039621560 -0.0056611299 0.0325386864 -0.0180251321 0.9992918893
1725933162.7571506500 -9.1364298541 1.1510450271 0.3029258429 -0.0062440188 0.0321296026 -0.0305894349 0.9989959896
1725933162.8568134308 -9.1361154384 1.1398138977 0.3021362167 -0.0065505913 0.0321261848 -0.0433317083 0.9985225892
1725933162.9565095901 -9.1363030927 1.1302766149 0.3021011576 -0.0068807966 0.0318012830 -0.0553839859 0.9979348411
1725933163.0561494827 -9.1369892015 1.1201886505 0.3033882815 -0.0073980117 0.0324783820 -0.0677228626 0.9971479519
1725933163.1559464931 -9.1388282974 1.1100192864 0.3038130172 -0.0078933669 0.0322987729 -0.0802248043 0.9962220961
1725933163.2558765411 -9.1407582003 1.1003580109 0.3042448772 -0.0081079250 0.0320049587 -0.0924049811 0.9951739866
1725933163.3558845520 -9.1423974344 1.0916260309 0.3044908718 -0.0085064207 0.0317751441 -0.1046222456 0.9939678902
1725933163.4557626247 -9.1437833814 1.0818858016 0.3039886615 -0.0087493669 0.0316401831 -0.1171450491 0.9925721056
1725933163.5558755398 -9.1463074092 1.0707054851 0.3039263378 -0.0088839775 0.0313240498 -0.1296574342 0.9910241312
1725933163.6559405327 -9.1482292200 1.0608624992 0.3043381636 -0.0092112195 0.0313986737 -0.1419229832 0.9893367190
1725933163.7560565472 -9.1515393167 1.0510218535 0.3045417718 -0.0095611250 0.0310656651 -0.1539898083 0.9875376693
1725933163.8561325073 -9.1558507297 1.0410410414 0.3040089624 -0.0098551162 0.0307287280 -0.1664509519 0.9855215384
1725933163.9562516212 -9.1594117105 1.0306554018 0.3037027380 -0.0104725501 0.0305781334 -0.1786247775 0.9833862376
1725933164.0563216209 -9.1632806463 1.0215894582 0.3035430361 -0.0108432004 0.0306619690 -0.1902941491 0.9811882620
1725933164.1563725471 -9.1671804840 1.0129300829 0.3050061129 -0.0113346480 0.0306465635 -0.2028024185 0.9786743549
1725933164.2564275265 -9.1698138954 1.0036351270 0.3056728130 -0.0118614737 0.0306113039 -0.2152849842 0.9759992977
1725933164.3564696312 -9.1734154913 0.9941451229 0.3061409043 -0.0123152409 0.0305433164 -0.2272281993 0.9732845350
1725933164.4564085007 -9.1775456021 0.9857558042 0.3058133429 -0.0127089521 0.0305738127 -0.2389599969 0.9704647569
1725933164.5561554432 -9.1818344643 0.9770504894 0.3063599746 -0.0130956813 0.0302135879 -0.2510266925 0.9674198891
1725933164.6560325623 -9.1867758772 0.9683245154 0.3068895133 -0.0134055337 0.0300675828 -0.2629593686 0.9642450947
1725933164.7557985783 -9.1921816617 0.9580661123 0.3070784049 -0.0140865537 0.0301775387 -0.2747039968 0.9609519235
1725933164.8554615974 -9.1974112612 0.9493758708 0.3076501609 -0.0144000974 0.0300305106 -0.2865651540 0.9574817064
1725933164.9552345276 -9.2027033197 0.9420265378 0.3082517596 -0.0148478395 0.0299661378 -0.2985944372 0.9537939685
1725933165.0549044609 -9.2076960368 0.9354228843 0.3078974728 -0.0153144806 0.0299277821 -0.3102350028 0.9500652807
1725933165.1545605659 -9.2139974882 0.9273589543 0.3078663365 -0.0157803984 0.0299854592 -0.3218551014 0.9461824058
1725933165.2540695667 -9.2199758438 0.9188375414 0.3079709505 -0.0162934623 0.0295303403 -0.3333983093 0.9421825988
1725933165.3538146019 -9.2257145079 0.9094764712 0.3084567625 -0.0164565933 0.0292374279 -0.3451127099 0.9379613909
1725933165.4534454346 -9.2312112831 0.9023199266 0.3082113795 -0.0167736904 0.0293605158 -0.3568096789 0.9335649182
1725933165.5530276299 -9.2372328682 0.8963209398 0.3079770570 -0.0172176340 0.0292824977 -0.3684313897 0.9290341218
1725933165.6529054642 -9.2432848356 0.8899234089 0.3077150897 -0.0176741727 0.0289878293 -0.3797412564 0.9244695276
1725933165.7527096272 -9.2504620034 0.8829833575 0.3077554388 -0.0181638125 0.0288802195 -0.3913065975 0.9196277266
1725933165.8525226116 -9.2582617472 0.8744133248 0.3070781972 -0.0187905784 0.0291058249 -0.4027251904 0.9146650677
1725933165.9524044991 -9.2664363948 0.8660980854 0.3074513437 -0.0190462191 0.0288901441 -0.4137076929 0.9097519145
1725933166.0523276329 -9.2751359668 0.8588403748 0.3080559374 -0.0195064532 0.0289963192 -0.4252920809 0.9043812015
1725933166.1523265839 -9.2823101185 0.8527526750 0.3080366855 -0.0199394530 0.0289079257 -0.4364237397 0.8990556543
1725933166.2523114681 -9.2905600449 0.8475550398 0.3085289411 -0.0202218123 0.0286429709 -0.4470934789 0.8937997984
1725933166.3522794247 -9.2984058752 0.8401978302 0.3084009031 -0.0204411967 0.0283295388 -0.4584375972 0.8880397312
1725933166.4522144794 -9.3054830376 0.8331710539 0.3084383373 -0.0208915887 0.0280653803 -0.4693584442 0.8823143016
1725933166.5522055626 -9.3123345545 0.8270237835 0.3075893914 -0.0217388152 0.0281178659 -0.4801257506 0.8764793627
1725933166.6521356106 -9.3206405628 0.8207120453 0.3061007792 -0.0221881669 0.0280393723 -0.4912221873 0.8703000871
1725933166.7520515919 -9.3294222707 0.8141989129 0.3054329008 -0.0224373233 0.0280020118 -0.5019189244 0.8641700337
1725933166.8518195152 -9.3383228824 0.8102232451 0.3059790469 -0.0227674171 0.0274859173 -0.5125617545 0.8579082800
1725933166.9517226219 -9.3480043317 0.8061304151 0.3064828133 -0.0228556038 0.0271899531 -0.5231872269 0.8514772184
1725933167.0515644550 -9.3577778895 0.8023745067 0.3070707455 -0.0231471981 0.0270683038 -0.5335848895 0.8449962603
1725933167.1514246464 -9.3651166986 0.7992258653 0.3066323329 -0.0236657255 0.0268641286 -0.5429951949 0.8389722703
1725933167.2510824203 -9.3661857801 0.7988792746 0.3067921783 -0.0235039344 0.0267088747 -0.5449593918 0.8377072653
1725933167.3504924774 -9.3637599965 0.7996060353 0.3066723713 -0.0233052551 0.0265994961 -0.5417447440 0.8397987642
1725933167.4498095512 -9.3652907010 0.7984367682 0.3067284672 -0.0235859637 0.0268162334 -0.5430223759 0.8389584562
1725933167.5493185520 -9.3643032448 0.7974574064 0.3066032911 -0.0236341748 0.0266936538 -0.5430552403 0.8389397360
1725933167.6488666534 -9.3647949373 0.7985708873 0.3066664604 -0.0233543078 0.0265345280 -0.5427883213 0.8391253383
1725933167.7484865189 -9.3649483447 0.7978131691 0.3063590552 -0.0235687910 0.0266673050 -0.5427823895 0.8391189693
1725933167.8481914997 -9.3651074730 0.7974797534 0.3065522294 -0.0235996238 0.0267446481 -0.5429746974 0.8389912154
1725933167.9480326176 -9.3650601843 0.7982288800 0.3068154214 -0.0234364364 0.0266958285 -0.5428307732 0.8390904706
1725933168.0479276180 -9.3653058542 0.7983127187 0.3070970886 -0.0234765866 0.0266813534 -0.5429885033 0.8389877476
1725933168.1479704380 -9.3651435940 0.7988698763 0.3069922636 -0.0235742038 0.0267301665 -0.5428407269 0.8390790787
1725933168.2480654716 -9.3653654246 0.7985594186 0.3070666922 -0.0236022730 0.0266923040 -0.5429537796 0.8390063449
1725933168.3482275009 -9.3652798160 0.7974510771 0.3068244154 -0.0236510474 0.0267070921 -0.5430052878 0.8389711655
1725933168.4483325481 -9.3647160564 0.7964808883 0.3068884385 -0.0234107071 0.0266020908 -0.5429439856 0.8390209151
1725933168.5487225056 -9.3645048236 0.7948588410 0.3072200869 -0.0234441970 0.0265845566 -0.5429627218 0.8390084110
1725933168.6488986015 -9.3656266165 0.7943177054 0.3077960054 -0.0234171308 0.0267072125 -0.5429003714 0.8390456182
1725933168.7491264343 -9.3661912805 0.7948914626 0.3075898012 -0.0234098595 0.0266395822 -0.5428642515 0.8390713412
1725933168.8492825031 -9.3656951220 0.7953897132 0.3071075608 -0.0235186100 0.0267406265 -0.5428300830 0.8390871915
1725933168.9493086338 -9.3652561027 0.7952499331 0.3065507549 -0.0235827521 0.0267332117 -0.5428836945 0.8390509421
1725933169.0494196415 -9.3656880666 0.7955248328 0.3066416692 -0.0235207119 0.0266338779 -0.5429336469 0.8390235203
1725933169.1493675709 -9.3655250309 0.7966942430 0.3065855496 -0.0235998102 0.0266619730 -0.5429237757 0.8390267945
1725933169.2492034435 -9.3648567860 0.7968832403 0.3068627627 -0.0235949760 0.0267050389 -0.5429407266 0.8390145919
1725933169.3489415646 -9.3646249499 0.7962175396 0.3065862162 -0.0235654955 0.0267062314 -0.5429363362 0.8390182235
1725933169.4486165047 -9.3655968769 0.7959794414 0.3068465950 -0.0235031938 0.0267030872 -0.5429431348 0.8390156717
1725933169.5482234955 -9.3656631471 0.7959443507 0.3068651555 -0.0235382493 0.0266678311 -0.5429192891 0.8390312408
1725933169.6477994919 -9.3656540070 0.7962747843 0.3071449393 -0.0235916088 0.0266745928 -0.5429517976 0.8390084907
1725933169.7473685741 -9.3656154422 0.7956830211 0.3069234071 -0.0235318213 0.0266266564 -0.5429780740 0.8389946875
1725933169.8469364643 -9.3662342290 0.7953455591 0.3068872843 -0.0235187423 0.0265732259 -0.5429534707 0.8390126704
1725933169.9465224743 -9.3667940703 0.7955577799 0.3069778646 -0.0234709368 0.0266240171 -0.5429327258 0.8390258233
1725933170.0461354256 -9.3720456728 0.7941461818 0.3081811067 -0.0236998101 0.0266405679 -0.5474405281 0.8360846053
1725933170.1460275650 -9.3845138864 0.7900668454 0.3100408545 -0.0237366226 0.0258154867 -0.5604810130 0.8274244180
1725933170.2462866306 -9.3928340518 0.7868079873 0.3107588391 -0.0242967530 0.0257094039 -0.5720950034 0.8194241889
1725933170.3464574814 -9.3999535883 0.7845211825 0.3107865152 -0.0244400136 0.0254577852 -0.5798065145 0.8139895532
1725933170.4463784695 -9.4110911338 0.7795206792 0.3100721887 -0.0248555698 0.0253097726 -0.5902552557 0.8064368228
1725933170.5465984344 -9.4214182198 0.7746636296 0.3096037811 -0.0254432538 0.0252928712 -0.6015554985 0.7980249956
1725933170.6466975212 -9.4311854057 0.7713847757 0.3095172100 -0.0254558621 0.0252613484 -0.6103102493 0.7913502783
1725933170.7466266155 -9.4423731480 0.7678535657 0.3093423120 -0.0260238686 0.0251263679 -0.6198909397 0.7838537152
1725933170.8465445042 -9.4525674596 0.7638946958 0.3077136308 -0.0265623151 0.0245126147 -0.6306438315 0.7752302451
1725933170.9464945793 -9.4620248596 0.7626909312 0.3073307846 -0.0270552818 0.0248920022 -0.6396814051 0.7677604443
1725933171.0463116169 -9.4716837253 0.7617578032 0.3084066344 -0.0272053913 0.0243841903 -0.6487799263 0.7600986023
1725933171.1460375786 -9.4814350019 0.7613464406 0.3086735482 -0.0278743325 0.0241163918 -0.6587351372 0.7514715166
1725933171.2458295822 -9.4909077301 0.7608275714 0.3086893676 -0.0282578017 0.0237780849 -0.6680495999 0.7431997251
1725933171.3454685211 -9.5001615740 0.7593175766 0.3096904215 -0.0285743025 0.0238751036 -0.6768726575 0.7351577342
1725933171.4450714588 -9.5107656561 0.7573575700 0.3110487145 -0.0287477097 0.0240279855 -0.6860505242 0.7265885378
1725933171.5447895527 -9.5218246550 0.7564417027 0.3130892814 -0.0290355476 0.0243587918 -0.6950909451 0.7179221157
1725933171.6443555355 -9.5322874018 0.7560600524 0.3150069717 -0.0290326166 0.0244982726 -0.7036662555 0.7095144415
1725933171.7440545559 -9.5418887959 0.7571686573 0.3189220944 -0.0292069799 0.0252974337 -0.7126161995 0.7004892179
1725933171.8436324596 -9.5510824924 0.7561878490 0.3251251584 -0.0283664431 0.0265666797 -0.7211738002 0.6916631452
1725933171.9435024261 -9.5608447416 0.7554562010 0.3280660331 -0.0285067864 0.0264723620 -0.7295830497 0.6827848496
1725933172.0429034233 -9.5705766680 0.7545724322 0.3300907988 -0.0286999082 0.0262398453 -0.7381746009 0.6734879690
1725933172.1426224709 -9.5799806887 0.7550370954 0.3303549438 -0.0290798231 0.0259408482 -0.7459092434 0.6649066377
1725933172.2422814369 -9.5827965826 0.7554071142 0.3289719641 -0.0291030935 0.0258416156 -0.7484936934 0.6619988004
1725933172.3417174816 -9.5800302469 0.7547391110 0.3275659995 -0.0287942970 0.0258291267 -0.7457521760 0.6650995690
1725933172.4411056042 -9.5813191655 0.7550863119 0.3266590381 -0.0287847821 0.0257937887 -0.7461011177 0.6647098908
1725933172.5406625271 -9.5818301860 0.7560084440 0.3267154677 -0.0287892192 0.0256844110 -0.7467966724 0.6639323926
1725933172.6402735710 -9.5819975866 0.7567393112 0.3259729053 -0.0290255694 0.0256926454 -0.7462569456 0.6645283857
1725933172.7401044369 -9.5817408305 0.7561164252 0.3258075256 -0.0291176513 0.0257301154 -0.7463676118 0.6643986090
1725933172.8399984837 -9.5816350214 0.7559629473 0.3259914222 -0.0291555482 0.0257550732 -0.7463594500 0.6644051487
1725933172.9399244785 -9.5810307789 0.7543884099 0.3264092342 -0.0292181697 0.0258039078 -0.7462218385 0.6645550577
1725933173.0400526524 -9.5810226097 0.7527016361 0.3260338850 -0.0291404269 0.0257481894 -0.7462654255 0.6645116861
1725933173.1402776241 -9.5811696100 0.7524673012 0.3257557411 -0.0291816388 0.0257455132 -0.7461845335 0.6646008144
1725933173.2404246330 -9.5814564657 0.7536185273 0.3257906724 -0.0291938219 0.0257798362 -0.7462139405 0.6645659304
1725933173.3405516148 -9.5814502688 0.7547779862 0.3257879930 -0.0292469503 0.0257589552 -0.7462226200 0.6645546580
1725933173.4409406185 -9.5813567345 0.7554574228 0.3257346160 -0.0292152065 0.0257413202 -0.7462721308 0.6645011384
1725933173.5411775112 -9.5813183859 0.7552156366 0.3257122149 -0.0292343235 0.0257323043 -0.7462482542 0.6645274606
1725933173.6414344311 -9.5811750590 0.7553469528 0.3261550971 -0.0291238885 0.0257290338 -0.7462537718 0.6645262403
1725933173.7416145802 -9.5810746318 0.7547113822 0.3260838911 -0.0291331669 0.0257084109 -0.7462650497 0.6645139666
1725933173.8416774273 -9.5813363598 0.7545159728 0.3262579754 -0.0291560449 0.0257268383 -0.7462404142 0.6645399153
1725933173.9417824745 -9.5815353274 0.7544907132 0.3260464964 -0.0291729161 0.0257647497 -0.7462654854 0.6645095515
1725933174.0415475368 -9.5816202676 0.7536121663 0.3262311993 -0.0292013598 0.0257467719 -0.7462452788 0.6645316908
1725933174.1413326263 -9.5822013830 0.7526861966 0.3263709871 -0.0291731034 0.0257343520 -0.7462111529 0.6645717331
1725933174.2410054207 -9.5830978561 0.7530857313 0.3267059499 -0.0290568779 0.0257262217 -0.7461741739 0.6646186588
1725933174.3406345844 -9.5830397691 0.7542451807 0.3265390435 -0.0291032177 0.0257760558 -0.7461927693 0.6645938223
1725933174.4402134418 -9.5818072906 0.7540050767 0.3263040626 -0.0291413424 0.0257884305 -0.7462272424 0.6645529638
1725933174.5397446156 -9.5813879041 0.7532381502 0.3263069752 -0.0292448506 0.0257489686 -0.7462340419 0.6645423117
1725933174.6392674446 -9.5814305019 0.7526986867 0.3257451155 -0.0291651189 0.0257139340 -0.7462156537 0.6645678201
1725933174.7387735844 -9.5813600269 0.7521718010 0.3257792502 -0.0290998599 0.0257534145 -0.7462115809 0.6645737253
1725933174.8383154869 -9.5824623941 0.7529432483 0.3261076359 -0.0290089986 0.0257672826 -0.7461899829 0.6646014103
1725933174.9378995895 -9.5826071721 0.7544724060 0.3262524389 -0.0291882539 0.0257660906 -0.7462150260 0.6645654892
1725933175.0374436378 -9.5827237470 0.7554540714 0.3263758472 -0.0291561531 0.0257599415 -0.7462234854 0.6645576378
1725933175.1373076439 -9.5829840635 0.7558532886 0.3261919195 -0.0292511422 0.0257610975 -0.7462482441 0.6645256163
1725933175.2369046211 -9.5826560706 0.7563995565 0.3261710133 -0.0291734503 0.0257519443 -0.7462665824 0.6645087924
1725933175.3368175030 -9.5822077093 0.7566454805 0.3258511746 -0.0291195309 0.0257602576 -0.7462824133 0.6644930561
1725933175.4367184639 -9.5818880213 0.7562261399 0.3258980332 -0.0292139136 0.0257262983 -0.7463005535 0.6644698553
1725933175.5366904736 -9.5820311278 0.7555498329 0.3260587484 -0.0290632207 0.0256330616 -0.7462326727 0.6645562982
1725933175.6367025375 -9.5823222380 0.7552936599 0.3264365220 -0.0289751442 0.0257365781 -0.7462388927 0.6645491589
1725933175.7368166447 -9.5824432428 0.7552706673 0.3267124920 -0.0290551406 0.0257307823 -0.7462996645 0.6644776418
1725933175.8369455338 -9.5818813052 0.7542795784 0.3268156184 -0.0291354812 0.0257004990 -0.7463320471 0.6644389239
1725933175.9369785786 -9.5821414181 0.7530018564 0.3267300668 -0.0290276451 0.0257292952 -0.7463454266 0.6644275005
1725933176.0372095108 -9.5832934368 0.7529115607 0.3264076227 -0.0290445902 0.0257004410 -0.7462885579 0.6644917513
1725933176.1373114586 -9.5832668481 0.7536001606 0.3264435345 -0.0290891247 0.0257182925 -0.7462569960 0.6645245580
1725933176.2373564243 -9.5832373269 0.7533438998 0.3264288809 -0.0291733345 0.0257773462 -0.7462678202 0.6645064225
1725933176.3373916149 -9.5834933923 0.7527297587 0.3263492652 -0.0290769809 0.0256741446 -0.7462383517 0.6645477334
1725933176.4372045994 -9.5835583431 0.7535255152 0.3265887384 -0.0290776395 0.0257066699 -0.7462331364 0.6645523035
1725933176.5371844769 -9.5815173338 0.7547500704 0.3267717389 -0.0289478001 0.0258988097 -0.7455485746 0.6653184195
1725933176.6369225979 -9.5712755514 0.7555824166 0.3255454993 -0.0289205900 0.0261484622 -0.7382440450 0.6734059604
1725933176.7362816334 -9.5568008768 0.7541349378 0.3248909815 -0.0283958287 0.0264758289 -0.7255254970 0.6870993091
1725933176.8354265690 -9.5497253930 0.7542626640 0.3253141695 -0.0279001092 0.0267509935 -0.7175922470 0.6953900599
1725933176.9347984791 -9.5430414180 0.7543120014 0.3255465898 -0.0279572041 0.0271950918 -0.7119289813 0.7011675601
1725933177.0343494415 -9.5316862357 0.7535805251 0.3252635615 -0.0275570887 0.0275627719 -0.7017686906 0.7113378981
1725933177.1338446140 -9.5195591059 0.7533023761 0.3239850101 -0.0271565392 0.0279328202 -0.6909764787 0.7218267007
1725933177.2333095074 -9.5105424900 0.7538096521 0.3231734770 -0.0269518774 0.0283030448 -0.6828134820 0.7295466283
1725933177.3330485821 -9.5028066223 0.7541263752 0.3218745682 -0.0266170955 0.0284326881 -0.6756137139 0.7362263388
1725933177.4328484535 -9.4916034651 0.7553992732 0.3206640224 -0.0261394932 0.0286866212 -0.6655417931 0.7453508746
1725933177.5326304436 -9.4804337872 0.7564648065 0.3202834423 -0.0258077307 0.0290205761 -0.6551055424 0.7545385978
1725933177.6326065063 -9.4727922275 0.7582596421 0.3198721703 -0.0255319557 0.0294214540 -0.6468113453 0.7616545023
1725933177.7329404354 -9.4736224450 0.7589574699 0.3201467101 -0.0254751112 0.0292915870 -0.6460626637 0.7622965671
1725933177.8332536221 -9.4743689320 0.7581329747 0.3207334364 -0.0254950239 0.0290713423 -0.6492240077 0.7596137496
1725933177.9339904785 -9.4734827619 0.7578208542 0.3208341584 -0.0256489604 0.0293168831 -0.6496186806 0.7592616289
1725933178.0345005989 -9.4724509064 0.7577211213 0.3213828058 -0.0254436414 0.0294026051 -0.6482133718 0.7604653394
1725933178.1349096298 -9.4719647811 0.7569460904 0.3212587790 -0.0254427946 0.0292575558 -0.6476619940 0.7609406029
1725933178.2352705002 -9.4731298838 0.7572808763 0.3216177734 -0.0254859045 0.0292920581 -0.6487226181 0.7600338208
1725933178.3354735374 -9.4734922546 0.7567801283 0.3214121835 -0.0253996552 0.0291933013 -0.6489575774 0.7598398986
1725933178.4354496002 -9.4732938022 0.7568765655 0.3211972294 -0.0254216089 0.0292641072 -0.6485479378 0.7601861129
1725933178.5351955891 -9.4730827091 0.7575678489 0.3207647948 -0.0255061461 0.0292784609 -0.6485286531 0.7601991807
1725933178.6348285675 -9.4731299449 0.7582840176 0.3202879644 -0.0254818072 0.0292286933 -0.6486720356 0.7600795690
1725933178.7342934608 -9.4721196057 0.7575450296 0.3198263270 -0.0256190057 0.0292375397 -0.6487328066 0.7600227486
1725933178.8335754871 -9.4724836949 0.7567558573 0.3203295249 -0.0255051188 0.0292433848 -0.6487214685 0.7600360319
1725933178.9329936504 -9.4726831704 0.7560147120 0.3206615291 -0.0254770066 0.0292702099 -0.6486568798 0.7600910664
1725933179.0323085785 -9.4732430930 0.7561738544 0.3208251643 -0.0254720072 0.0292634847 -0.6486989254 0.7600556095
1725933179.1316745281 -9.4740442599 0.7562249242 0.3210168635 -0.0254549727 0.0292128813 -0.6486721716 0.7600809600
1725933179.2310285568 -9.4747568285 0.7567430999 0.3215042313 -0.0254065295 0.0292056749 -0.6486161632 0.7601306530
1725933179.3304605484 -9.4747669048 0.7574411845 0.3214352914 -0.0254721364 0.0292693337 -0.6486133454 0.7601284132
1725933179.4299995899 -9.4743621941 0.7572955753 0.3211258660 -0.0256253628 0.0292788181 -0.6486132292 0.7601229970
1725933179.5296545029 -9.4736084586 0.7570356998 0.3207992188 -0.0255239489 0.0292737964 -0.6487072491 0.7600463656
1725933179.6294374466 -9.4739505768 0.7558181746 0.3210910973 -0.0254851934 0.0292594282 -0.6486114758 0.7601299522
1725933179.7292115688 -9.4743838588 0.7558822904 0.3215405424 -0.0253415518 0.0291445456 -0.6485855310 0.7601613054
1725933179.8291926384 -9.4745332990 0.7565316953 0.3210200204 -0.0254799835 0.0292520248 -0.6486017974 0.7601386702
1725933179.9292235374 -9.4748998530 0.7568521028 0.3211564024 -0.0254682659 0.0292374246 -0.6486176468 0.7601261005
1725933180.0294005871 -9.4746688616 0.7575261805 0.3205822914 -0.0256596778 0.0293214229 -0.6486387973 0.7600983790
1725933180.1294746399 -9.4746294591 0.7583927286 0.3204343598 -0.0256253333 0.0292897613 -0.6486395756 0.7601000942
1725933180.2297055721 -9.4740373393 0.7577529417 0.3208583605 -0.0255111246 0.0292459621 -0.6486589140 0.7600891195
1725933180.3300745487 -9.4736008395 0.7574767396 0.3204908026 -0.0256150645 0.0292922402 -0.6486646357 0.7600789588
1725933180.4303305149 -9.4731241362 0.7569619403 0.3202199841 -0.0255737079 0.0292435780 -0.6486819428 0.7600674547
1725933180.5305604935 -9.4730294602 0.7552338163 0.3203426692 -0.0256348032 0.0292272869 -0.6487653733 0.7599948111
1725933180.6307466030 -9.4734925943 0.7541661573 0.3209683719 -0.0255068295 0.0291634462 -0.6487477317 0.7600166285
1725933180.7308595181 -9.4738807455 0.7536853923 0.3211456412 -0.0255757739 0.0291831550 -0.6487620355 0.7600013451
1725933180.8308644295 -9.4749538449 0.7546109039 0.3209305792 -0.0256822009 0.0293354689 -0.6486744178 0.7600666777
1725933180.9307496548 -9.4753090195 0.7558268643 0.3211738794 -0.0256484450 0.0292458493 -0.6487154001 0.7600362933
1725933181.0305345058 -9.4747129635 0.7561506687 0.3207924003 -0.0256740399 0.0292370682 -0.6487522156 0.7600043423
1725933181.1302535534 -9.4742498875 0.7560148837 0.3203610505 -0.0256624690 0.0292678652 -0.6489012689 0.7598762880
1725933181.2298884392 -9.4746674200 0.7560912456 0.3207696676 -0.0255789660 0.0291886109 -0.6488918166 0.7598902235
1725933181.3294656277 -9.4745683197 0.7561549352 0.3211619515 -0.0254953799 0.0291760399 -0.6488963588 0.7598896366
1725933181.4289114475 -9.4744454980 0.7565389733 0.3209888057 -0.0255431775 0.0291727743 -0.6489071971 0.7598789014
1725933181.5285234451 -9.4749957910 0.7563033865 0.3212662008 -0.0255766281 0.0292168456 -0.6489338081 0.7598533574
1725933181.6280865669 -9.4754825410 0.7554177590 0.3215973960 -0.0254859833 0.0291706603 -0.6489657650 0.7598308845